150
30
30
30
30
30
30
30
60
270
120
70
64
70
60
69
60
60
70
64
60
150
60
95
87
81
116
75
98
118
106
100
122
102
135
70
120
109
113
124
93
110
89
86
91
101
107
97
66
94
118
103
105
120
107
113
120
100
106
94
74
46
44
50
50
90
120
81
102
109
110
149
107
112
104
82
89
102
120
120
111
95
97
82
94
91
130
107
98
93
94
126
85
108
102
102
70
85
102
120
98
89
89
95
100
90
90
115
90
110
150
120
60
67
85
94
105
84
87
82
107
120
86
87
110
75
105
94
106
84
122
89
55
107
58
68
86
104
74
118
50
150
80
100
69
96
97
140
150
85
92
93
112
123
104
92
103
155
76
83
91
100
90
106
120
107
116
143
99
89
78
46
135
78
52
82
47
110
118
98
112
97
97
112
66
143
70
88
112
139
145
83
107
91
109
95
64
110
88
74
121
150
120
60
93
92
90
103
95
90
80
105
97
109
91
70
105
118
87
130
115
109
100
108
92
101
105
89
88
92
115
104
89
111
106
116
64
119
87
78
100
73
108
93
110
92
95
123
150
102
90
92
89
116
65
76
120
120
98
92
120
40
70
80
95
84
86
92
141
85
120
92
110
98
73
108
96
81
99
120
85
71
84
77
118
65
117
97
98
123
102
2
2
2
2
2
2
2
2
2
2
2
2
2
2
2
2
2
2
2
2
2
2
2
2
2
2
360
150
100
74
95
88
86
100
119
132
86
89
96
240
150
150
