150
30
30
30
30
30
30
30
60
300
60
95
98
114
120
114
112
90
130
60
150
60
106
105
76
116
92
114
140
118
100
120
106
60
124
240
78
80
95
98
120
96
102
96
112
110
128
71
76
118
114
105
99
110
240
120
118
106
102
89
46
44
50
104
240
88
102
109
110
149
111
115
120
120
115
102
120
240
108
93
116
90
100
91
150
82
98
95
99
130
92
94
102
120
64
90
102
240
70
75
87
97
114
90
96
115
107
135
150
150
60
70
96
110
120
94
104
82
88
150
84
96
110
76
105
105
96
130
82
55
107
70
80
86
104
63
118
50
150
2
82
100
64
103
91
150
60
85
92
100
112
150
123
120
96
155
72
86
93
107
90
106
107
116
143
240
102
93
92
54
135
85
52
95
55
126
124
100
112
97
104
125
70
146
70
92
114
129
130
84
107
91
109
102
64
110
90
80
130
150
160
60
92
104
98
100
110
97
90
80
126
92
109
96
70
102
144
87
130
123
109
100
115
110
95
136
56
84
98
92
120
104
93
114
103
146
60
136
94
86
104
80
112
93
110
114
116
150
60
135
98
104
92
120
72
86
130
120
94
92
240
54
67
80
95
90
86
92
141
92
124
88
110
104
98
104
124
124
91
96
99
240
82
73
86
77
123
70
120
97
120
124
102
2
2
2
2
2
2
2
2
2
2
2
2
2
2
2
2
2
2
2
2
2
2
2
2
2
2
360
150
120
100
136
104
113
115
119
150
84
104
108
300
500
