150
30
30
30
30
30
30
30
60
270
120
103
90
130
67
85
80
105
84
87
82
107
86
87
110
75
105
94
106
84
122
89
55
107
58
68
86
104
74
118
50
150
80
100
69
96
75
137
97
140
150
85
92
93
112
64
81
109
123
104
92
103
155
76
83
91
100
90
106
107
116
143
99
89
78
46
135
78
52
82
47
110
118
98
112
97
97
112
66
143
70
88
112
139
145
83
99
91
109
95
64
110
88
74
121
150
95
87
81
116
75
98
118
79
106
100
122
119
124
109
113
124
93
110
89
86
91
101
107
97
66
94
118
103
105
89
79
118
88
113
116
120
100
97
94
74
46
44
50
50
90
81
102
109
110
149
107
112
104
63
73
77
102
120
111
95
97
82
94
91
130
107
98
93
94
126
79
86
108
102
102
70
85
102
98
89
89
95
150
85
88
115
70
88
99
84
90
99
83
74
90
80
105
97
109
91
70
105
118
87
114
115
76
73
100
108
92
101
105
89
88
92
115
104
95
89
106
116
64
89
91
87
78
100
81
88
93
110
92
95
123
150
102
90
92
89
116
65
76
120
107
86
92
35
70
80
95
84
86
100
128
85
120
86
110
85
69
86
82
81
99
85
71
76
77
118
65
117
97
73
126
123
102
2
2
2
2
2
2
2
2
2
2
2
2
2
2
2
2
2
2
2
2
2
2
2
2
2
2
360
150
100
85
84
88
69
69
100
119
132
86
89
96
240
150
150
