30
30
30
30
30
30
30
60
300
150
103
90
130
67
85
80
105
84
87
82
107
86
79
110
75
105
94
106
84
122
89
55
107
58
68
114
86
104
74
118
50
150
80
100
80
96
75
137
97
104
154
150
85
92
93
112
64
81
109
123
104
92
103
155
76
83
91
89
90
106
107
116
143
99
89
78
46
135
78
52
77
47
110
118
98
112
97
97
112
66
143
70
88
112
139
145
83
99
91
109
95
64
110
88
74
121
150
95
87
81
116
75
98
118
79
106
100
122
110
104
97
106
126
109
113
124
93
110
89
86
104
101
107
97
66
115
118
103
105
89
79
118
83
113
116
120
100
124
97
80
105
85
73
74
46
44
50
55
90
81
102
109
110
149
91
112
104
63
73
77
102
120
111
95
97
82
94
91
130
107
98
93
94
126
125
79
86
108
102
102
70
85
102
98
89
89
95
84
85
98
89
95
95
100
150
79
88
115
70
88
94
84
90
99
83
74
90
80
105
97
109
84
70
105
118
87
114
103
71
73
100
93
82
101
105
89
88
92
115
104
95
89
106
116
64
89
91
82
78
95
86
88
93
110
89
73
83
123
150
102
62
70
41
80
63
56
116
65
71
120
107
82
92
40
70
80
95
84
86
100
120
85
120
86
110
75
92
50
81
142
82
81
99
85
71
76
77
118
65
99
90
92
100
73
96
83
141
65
117
97
67
126
123
102
1
1
1
1
1
1
1
1
1
1
1
1
1
1
1
1
1
1
1
1
1
1
1
1
1
1
360
150
100
85
84
88
69
69
100
119
132
86
89
96
240
150
